precio|producto_id|sucursal_id
999.99|9-1-0000000965811|9-1-690
999.99|9-1-0000000957021|9-1-690
999.99|9-1-0000000956956|9-1-690
999.99|9-1-0000000956925|9-1-690
999.99|9-1-0000000956888|9-1-690
999.99|9-1-0000000956840|9-1-690
999.99|9-1-0000000956833|9-1-690
999.99|9-1-0000000956796|9-1-690
999.99|9-1-0000000956765|9-1-690
999.99|9-1-0000000952323|9-1-690
999.99|9-1-0000000948272|9-1-690
999.99|9-1-0000000948203|9-1-690
999.99|9-1-0000000948166|9-1-690
999.99|7798176000018|36916
999.99|7798159942670|16-1-1502
999.99|7795323002444|36916
999.99|7794990865581|15-1-146
999.99|7791130065832|12-1-208
999.99|7791130065825|12-1-208
999.99|36-4-0200303100000|36-4-51
999.99|36-4-0200043400000|36-4-51
999.99|36-3-0200303100000|36-3-25
999.99|36-3-0200043400000|36-3-25
999.99|25-1-0000000019463|36916
999.95|7791600452735|38735
999.9|7500435112857|46028
999.9|5011013100132|39461
999.9|46-1-0000000051040|46-1-3
999.9|45-1-0000000051040|45-1-5
999.9|44-1-0000000051040|44-1-8
999.59|4005808843077|44233
999.59|4005808843077|39819
999|9-3-0000000910996|9-3-628
999|9-3-0000000304719|1213405
99.6|7622300160975|622506
99.59|7792150000940|44233
99.59|7792150000223|44233
99.59|7790590000858|19366
99.59|7790580509804|12-1-208
99.59|7790580509408|12-1-208
99.58|7790580509408|11-2-1114
99.57|7794990880201|35-1-1
99.57|7794990879663|35-1-1
99.57|7794990879656|35-1-1
99.57|7790828104457|38735
99.56|7798062549546|35-1-1
99.56|7798062544916|35-1-1
99.56|7798062544909|35-1-1
99.56|7798062544893|35-1-1
99.56|7798062543445|35-1-1
99.56|7798062543223|35-1-1
99.56|7798062543056|35-1-1
99.56|7798062540291|35-1-1
99.56|7790315000880|35-1-1
99.55|7793046007715|12-1-185
99.55|7790580259600|16-1-1402
99.55|7790387113327|44233
99.55|7790387113327|39819
99.55|7790150550441|329466
99.55|7790040887909|16-1-1502
99.54|7790580626600|35-1-1
99.52|7791290786530|47-1-1
99.51|7794820003787|623967
99.51|7794820001653|623967
99.51|7790199603184|2-1-206
99.51|7790070416179|11-2-1108
99.51|7790070320001|11-5-1002
99.51|7790070320001|11-2-1015
99.5|9-1-0000000905244|9-1-690
99.5|9-1-0000000905022|9-1-690
99.5|7798146691802|36911
99.5|7798146691512|38006
99.5|7798146691314|36911
99.5|7798143077968|11-2-1115
99.5|7798143077951|11-2-1115
99.5|7798128410094|9-3-628
99.5|7798128410094|9-2-248
99.5|7798128410094|9-1-150
99.5|7798123135503|11-5-1057
99.5|7794990878932|36920
99.5|7793940963001|36916
99.5|7793559000159|36911
99.5|7793360816505|11-5-1020
99.5|7793360815003|11-5-1020
99.5|7793360815003|11-2-1081
99.5|7793360811401|11-5-1020
99.5|7793253001414|11-2-1114
99.5|7793253001384|11-2-1114
99.5|7793253001360|11-2-1114
99.5|7792710000380|16-1-1402
99.5|7792594000162|18303
99.5|7792594000162|9-1-122
99.5|7791905003724|11-2-1056
99.5|7791905003694|11-2-1056
99.5|7791905002529|11-2-1116
99.5|7791520024333|11-5-1002
99.5|7791337913523|37626
99.5|7791337613027|37626
99.5|7791293027982|45-1-5
99.5|7791293025261|45-1-5
99.5|7791293025247|45-1-5
99.5|7791293025223|45-1-5
99.5|7791290786530|46-1-3
99.5|7791290786530|44-1-8
99.5|7791290011953|38723
99.5|7791290011922|38723
99.5|7791290011908|38723
99.5|7791290010741|45-1-5
99.5|7791274196546|622506
99.5|7790742196606|36916
99.5|7790696000707|13-1-130
99.5|7790539000666|16-1-1402
99.5|7790520005168|36911
99.5|7790520001252|38006
99.5|7790520001245|38006
99.5|7790520001221|38006
99.5|7790127000122|11-5-1002
99.5|7790079019692|36911
99.5|7790070411792|16-1-1302
99.5|7790070411730|292941
99.5|7790040174900|11-5-1014
99.5|7790010595698|10-1-233
99.5|7509546066776|36911
99.5|7509546061160|36911
99.5|7509546003122|36911
99.5|7506339395518|11-2-1056
99.5|7-1-0024013800000|12791
99.5|2920548700003|19369
99.49|7798062549843|12-1-208
99.49|7798062542455|12-1-208
99.49|7798062542073|12-1-208
99.49|7798062541700|12-1-149
99.49|7798062541014|12-1-149
99.49|7798062540291|12-1-149
99.49|7798062540284|12-1-149
99.49|7798060850101|16-1-1502
99.49|7798060850026|15-1-146
99.49|7798060850026|11-4-1030
99.49|7798060850026|11-2-1116
99.49|7793360815003|11-2-1099
99.49|7792900809007|12791
99.49|7792710000182|12791
99.49|7792390621042|16-1-902
99.49|7792390621028|16-1-1402
99.49|7792220885507|15-1-146
99.49|7791813555049|15-1-146
99.49|7791813421580|15-1-146
99.49|7791813421528|15-1-146
99.49|7791813421054|15-1-146
99.49|7791620002293|39455
99.49|7790645001120|38735
99.49|7790520017352|35-1-1
99.49|7790315001061|12-1-208
99.49|7790315000934|12-1-208
99.49|7790315000910|12-1-208
99.49|7790315000880|12-1-149
99.49|7613035161603|36-3-25
99.49|7-1-0024075600000|13522
99.47|7793253003081|35-1-1
99.47|7793253002916|35-1-1
99.47|7793253002183|35-1-1
99.47|7793253002176|35-1-1
99.47|7793253002145|35-1-1
99.47|7791290012479|38735
99.46|7797470133637|47-1-1
99.46|7790703168314|9-1-242
99.46|7790703102196|9-1-242
99.46|7790703002595|9-1-242
99.45|7798135762551|47-1-1
99.45|7798135762544|47-1-1
99.45|7798135762315|47-1-1
99.45|7798135762308|47-1-1
99.45|7798135762292|47-1-1
99.45|7798135762148|47-1-1
99.45|7798135762131|47-1-1
99.45|7798123135183|11-4-1046
99.45|7798123135183|11-2-1007
99.45|7798105581410|11-5-1020
99.45|7798105581403|11-5-1020
99.45|7794000598508|10-2-286
99.45|7793046008439|12-1-185
99.43|7794000598591|11-5-1058
99.43|7794000598591|11-2-1013
99.43|7794000598461|11-5-1058
99.43|7794000598461|11-2-1013
99.4|7794770100451|623967
99.4|7794520441124|11-5-1020
99.4|7794520431125|11-5-1020
99.4|7794440002481|11-5-1057
99.4|7790524000534|11-5-1003
99.4|7790520023995|625793
99.4|7790310007037|11-5-1004
99.4|6901035601030|10-2-141
99.39|7796679000252|12791
99.39|7790250056799|11-4-1046
99.39|7790250022442|46028
99.39|7790079019692|44233
99.39|7790079019692|39819
99.36|7798082743931|2-1-101
99.35|7798096051244|38723
99.35|7791520009767|44233
99.35|7791520009767|39819
99.35|7791520009750|44233
99.35|7791520009750|39819
99.35|7791520009743|44233
99.35|7791520009743|39819
99.35|7791520009736|44233
99.35|7791520009736|39819
99.35|7791520009729|44233
99.35|7791520009729|39819
99.35|7790580432409|36916
99.35|7790524000534|16-1-1402
99.33|7798153712620|11-2-1013
99.3|7798270243861|400804
99.3|7798105581397|623967
99.3|7793253341527|37626
99.3|7793253341510|37626
99.3|7793253001018|37626
99.3|7793253001001|37626
99.3|7793253000974|37626
99.3|7791828900025|623967
99.3|7791293025247|11-2-1115
99.3|7790310003039|11-5-1014
99.3|7790310003022|11-5-1014
99.3|7790060072996|36911
99.3|7790060070626|36911
99.3|7790060070541|36911
99.3|7790045004912|37626
99.3|7790045001850|37626
99.3|7790010614849|11-5-1058
99.3|7790010599269|622506
99.3|7790010599269|11-2-1061
99.29|7804922000727|44233
99.29|7804922000727|39819
99.29|7791520055597|44233
99.29|7791520055597|39819
99.29|7791520050592|44233
99.29|7791520050592|39819
99.29|7790360967800|12791
99.29|7790360967794|13522
99.29|7752902087810|44233
99.29|7752902087810|39819
99.28|7792459000160|35-1-1
99.27|7793253001414|11-5-1057
99.27|7792798002528|47-1-1
99.27|7792798001972|47-1-1
99.27|7792798001965|47-1-1
99.25|7792860002920|44233
99.25|7792860002920|39819
99.25|7791708611379|38006
99.25|7790560000208|44233
99.25|7790560000208|39819
99.21|7797470001950|36916
99.21|7792798007493|11-5-1004
99.21|7792798007493|11-2-1013
99.21|7790645001786|47-1-1
99.2|7798122380218|621410
99.2|7791130683753|11-2-1116
99.2|7790580470807|622506
99.2|7790580470807|11-2-1061
99.2|7790520012524|11-5-1020
99.2|7790520012517|11-5-1020
99.2|7790071090415|623967
99.2|7790071090217|623967
99.2|7790071090217|11-2-1108
99.2|7790071090118|623967
99.2|7790071090118|11-2-1108
99.2|7790064001909|11-5-1057
99.2|7622300800260|625793
99.19|7793100130236|10-2-286
99.19|7793100130236|10-1-123
99.19|7792459000634|44233
99.19|7792459000634|39819
99.17|7790189041224|1213405
99.17|7790189041224|9-2-953
99.17|7790189041224|9-1-868
99.17|7790189041224|2-1-187
99.17|7790189041224|38735
99.17|7790189041224|16-1-1402
99.17|7790189041224|12-1-209
99.17|7790189041224|625793
99.17|7790189041224|11-2-1015
99.17|7790189041224|10-3-644
99.17|7790189041224|10-2-286
99.17|7790189041224|47128
99.15|7794612001687|44233
99.15|7794612001687|39819
99.15|7794000960138|44233
99.15|7794000960138|39819
99.15|7794000960138|11-2-1011
99.15|7791969029807|36928
99.15|7790580470807|16-1-1302
99.15|7790070031549|36928
99.15|7622210649263|44233
99.15|7622210649263|39819
99.15|4005900122186|36928
99.14|7622300160975|35-1-1
99.13|7798153718714|623967
99.11|7798239780130|21195
99.11|7790580112639|35-1-1
99.1|7798181510267|622506
99.1|7798181510014|622506
99.1|7798181510014|11-2-1061
85.95|7791843010129|292941
85.95|7791828000121|16-1-702
85.95|7791813421580|292941
85.95|7791813421351|292941
85.95|7791337602090|16-1-702
85.95|7791337602014|16-1-702
85.95|7791293027777|16-1-702
85.95|7790590000858|16-1-702
85.95|7790580120702|292941
85.95|7790387120363|292941
85.95|7790314055522|292941
85.95|7790310980415|16-1-902
85.95|7790250014904|292941
85.95|7790168000266|35-1-1
85.95|7790070318909|292941
85.95|7622300847234|16-1-902
85.93|7793360674105|47-1-1
85.92|7790770002863|47-1-1
85.9|7798327950117|46-1-3
85.9|7798327950117|45-1-5
85.9|7798327950117|44-1-8
85.9|7798327950100|46-1-3
85.9|7798327950100|45-1-5
85.9|7798327950100|44-1-8
85.9|7798327950094|46-1-3
85.9|7798327950094|45-1-5
85.9|7798327950094|44-1-8
85.9|7798327950056|46-1-3
85.9|7798327950056|45-1-5
85.9|7798327950056|44-1-8
85.9|7798327950049|46-1-3
85.9|7798327950049|45-1-5
85.9|7798327950049|44-1-8
85.9|7798327950032|46-1-3
85.9|7798327950032|45-1-5
85.9|7798327950032|44-1-8
85.9|7798323008027|50-1-2
85.9|7798323008027|49-1-2
85.9|7798323008010|50-1-2
85.9|7798323008010|49-1-2
85.9|7798270240051|11-4-1030
85.9|7798176000599|46-1-3
85.9|7798176000599|44-1-8
85.9|7798135762315|39461
85.9|7798122380232|11-2-1110
85.9|7798118340141|46-1-3
85.9|7798118340141|44-1-8
85.9|7798105586439|11-2-1028
85.9|7798105586361|11-2-1029
85.9|7798105581397|11-4-1030
85.9|7798105581397|11-2-1029
85.9|7798048720174|13-1-130
85.9|7798048720082|13-1-130
85.9|7798031471120|50-1-2
85.9|7798031471120|49-1-2
85.9|7798031471113|50-1-2
85.9|7798031471113|49-1-2
85.9|7798031470123|50-1-2
85.9|7798031470123|49-1-2
85.9|7798013106910|10-2-272
85.9|7798013106910|45667
85.9|7798000350074|46-1-3
85.9|7798000350074|44-1-8
85.9|7797330100663|46-1-3
85.9|7797330100663|45-1-5
85.9|7797330100663|44-1-8
85.9|7797330100656|46-1-3
85.9|7797330100656|45-1-5
85.9|7797330100656|44-1-8
85.9|7797330100649|46-1-3
85.9|7797330100649|45-1-5
85.9|7797330100649|44-1-8
85.9|7797330004725|46-1-3
85.9|7797330004725|45-1-5
85.9|7797330004725|44-1-8
85.9|7796953215235|46-1-3
85.9|7796953215235|44-1-8
85.9|7796953215228|46-1-3
85.9|7796953215228|44-1-8
85.9|7796540100227|50-1-2
85.9|7796540100227|49-1-2
85.9|7795711005163|10-2-209
85.9|7795711005163|45667
85.9|7794990879823|9-2-583
85.9|7794990879823|39461
85.9|7794990878932|39461
85.9|7794990878925|9-2-583
85.9|7794990878925|39461
85.9|7794990878888|39461
85.9|7794940000758|50-1-2
85.9|7794940000758|49-1-2
85.9|7794520441124|16-1-702
85.9|7794270000176|39461
85.9|7794000960091|12-1-208
85.9|7793940198007|50-1-2
85.9|7793940198007|49-1-2
85.9|7793890254211|46-1-3
85.9|7793890254211|45-1-5
85.9|7793890254211|44-1-8
85.9|7793699001894|13-1-106
85.9|7793620003461|46-1-3
85.9|7793620003461|45-1-5
85.9|7793620003461|44-1-8
85.9|7793620003416|36920
85.9|7793395000108|39461
85.9|7793360005329|39461
85.9|7793344904082|36-5-73
85.9|7793344904082|36-4-51
85.9|7793344904082|36-3-25
85.9|7793147570866|50-1-2
85.9|7793147570866|49-1-2
85.9|7793147001742|45-1-5
85.9|7793100111495|50-1-2
85.9|7793100111495|49-1-2
85.9|7792816281904|36911
85.9|7792710002117|37626
85.9|7792180134509|46-1-3
85.9|7792180134509|45-1-5
85.9|7792180134509|44-1-8
85.9|7792180004857|50-1-2
85.9|7792180004857|49-1-2
85.9|7792129004214|12-1-208
85.9|7792129003804|46-1-3
85.9|7792129003804|45-1-5
85.9|7792129003804|44-1-8
85.9|7792129003583|12-1-208
85.9|7791866001364|2-1-201
85.9|7791708001293|39461
85.9|7791675030500|11-5-1002
85.9|7791675030500|11-2-1067
85.9|7791620001173|50-1-2
85.9|7791620001173|49-1-2
85.9|7791584000663|38735
85.9|7791520097719|50-1-2
85.9|7791520097719|49-1-2
85.9|7791337409163|2-1-103
85.9|7791337304017|2-1-103
85.9|7791333000326|50-1-2
85.9|7791333000326|49-1-2
85.9|7791333000210|50-1-2
85.9|7791333000210|49-1-2
85.9|7791333000043|50-1-2
85.9|7791333000043|49-1-2
85.9|7791333000036|50-1-2
85.9|7791333000036|49-1-2
85.9|7791333000029|50-1-2
85.9|7791333000029|49-1-2
85.9|7791293035901|36920
85.9|7791293035222|50-1-2
85.9|7791293035222|49-1-2
85.9|7791293035215|50-1-2
85.9|7791293035215|49-1-2
85.9|7791293035000|50-1-2
85.9|7791293035000|49-1-2
85.9|7791293034997|50-1-2
85.9|7791293034997|49-1-2
85.9|7791293032023|38006
85.9|7791293032023|39461
85.9|7791293032016|36911
85.9|7791293032016|39461
85.9|7791293032009|36911
85.9|7791293032009|39461
85.9|7791293031996|36911
85.9|7791293031996|39461
85.9|7791293031989|36911
85.9|7791293031989|39461
85.9|7791293026589|50-1-2
85.9|7791293026589|49-1-2
85.9|7791293025261|39461
85.9|7791293025155|45-1-5
85.9|7791290787568|50-1-2
85.9|7791290787568|49-1-2
85.9|7791290786394|39111
85.9|7791290013926|50-1-2
85.9|7791290013926|49-1-2
85.9|7791290013919|50-1-2
85.9|7791290013919|49-1-2
85.9|7791290013902|50-1-2
85.9|7791290013902|49-1-2
85.9|7791290012509|50-1-2
85.9|7791290012509|49-1-2
85.9|7791290007710|39461
85.9|7791249451472|623967
85.9|7791249451472|11-2-1108
85.9|7791190000088|621410
85.9|7791078022751|50-1-2
85.9|7791078022751|49-1-2
85.9|7790990999080|46-1-3
85.9|7790990999080|45-1-5
85.9|7790990999080|44-1-8
85.9|7790895000454|2-1-206
85.9|7790828002074|19737
85.9|7790787172566|38006
85.9|7790787002696|36911
85.9|7790770002948|50-1-2
85.9|7790770002948|49-1-2
85.9|7790742187000|38381
85.9|7790703002618|46-1-3
85.9|7790703002618|45-1-5
85.9|7790703002618|44-1-8
85.9|7790670051060|46-1-3
85.9|7790670051060|45-1-5
85.9|7790670051060|44-1-8
85.9|7790670050476|50-1-2
85.9|7790670050476|49-1-2
85.9|7790670045199|36920
85.9|7790670045199|2-1-096
85.9|7790670002406|50-1-2
85.9|7790670002406|49-1-2
85.9|7790590000391|39461
85.9|7790580392604|46-1-3
85.9|7790580392604|45-1-5
85.9|7790580392604|44-1-8
85.9|7790520990068|36920
85.9|7790520988249|50-1-2
85.9|7790520988249|49-1-2
85.9|7790520981882|50-1-2
85.9|7790520981882|49-1-2
85.9|7790503198474|19737
85.9|7790315000422|2-2-241
85.9|7790315000422|2-1-092
85.9|7790314005817|38735
85.9|7790314005794|38735
85.9|7790314005770|38735
85.9|7790310005873|622506
85.9|7790310005873|11-4-1046
85.9|7790310005873|11-2-1061
85.9|7790310005507|622506
85.9|7790310005507|11-2-1061
85.9|7790310004296|11-2-1116
85.9|7790250057710|46-1-3
85.9|7790250057710|45-1-5
85.9|7790250057710|44-1-8
85.9|7790236002086|2-1-103
85.9|7790230040022|36911
85.9|7790230033031|38006
85.9|7790163050730|50-1-2
85.9|7790163050730|49-1-2
85.9|7790163050068|50-1-2
85.9|7790163050068|49-1-2
85.9|7790163006317|50-1-2
85.9|7790163006317|49-1-2
85.9|7790163006294|50-1-2
85.9|7790163006294|49-1-2
85.9|7790163006270|50-1-2
85.9|7790163006270|49-1-2
85.9|7790163006225|50-1-2
85.9|7790163006225|49-1-2
85.9|7790163006157|50-1-2
85.9|7790163006157|49-1-2
85.9|7790163006140|50-1-2
85.9|7790163006140|49-1-2
85.9|7790163006133|50-1-2
85.9|7790163006133|49-1-2
85.9|7790163006126|50-1-2
85.9|7790163006126|49-1-2
85.9|7790163006102|50-1-2
85.9|7790163006102|49-1-2
85.9|7790150536254|50-1-2
85.9|7790150536254|49-1-2
85.9|7790150445341|46-1-3
85.9|7790150445341|44-1-8
85.9|7790150396162|45-1-5
85.9|7790079018367|50-1-2
85.9|7790079018367|49-1-2
85.9|7790079000638|9-2-583
85.9|7790071070127|9-3-628
85.9|7790071070127|9-2-248
85.9|7790071070103|9-3-628
85.9|7790071070103|9-2-248
85.9|7790070416544|50-1-2
85.9|7790070416544|49-1-2
85.9|7790070412386|39461
85.9|7790070412379|39461
85.9|7790070412362|39461
85.9|7790064000124|45-1-5
85.9|7790045001195|11-5-1057
85.9|7790045000105|36911
85.9|7790040929609|50-1-2
85.9|7790040929609|49-1-2
85.9|7790040720800|39455
85.9|7790040711105|46-1-3
85.9|7790040711105|44-1-8
85.9|7790040667303|46-1-3
85.9|7790040667303|44-1-8
85.9|7790040667204|46-1-3
85.9|7790040667204|44-1-8
85.9|7790040126749|46-1-3
85.9|7790040126749|45-1-5
85.9|7790040126749|44-1-8
85.9|7790040126732|46-1-3
85.9|7790040126732|45-1-5
85.9|7790040126732|44-1-8
85.9|7790040126725|46-1-3
85.9|7790040126725|45-1-5
85.9|7790040126725|44-1-8
85.9|7790040117389|45-1-5
85.9|7790040107830|46-1-3
85.9|7790040107830|44-1-8
85.9|7790010616829|36920
85.9|7622300847234|36920
85.9|7622300847234|2-1-103
85.9|7622300847234|13-1-106
85.9|7509546068527|39461
85.9|7506339363883|11-5-1020
85.9|7500435023313|36920
85.9|7500435001113|50-1-2
85.9|7500435001113|49-1-2
85.9|46-1-0000000097006|46-1-3
85.9|44-1-0000000097006|44-1-8
85.9|4005808719273|50-1-2
85.9|4005808719273|49-1-2
85.9|2611342000009|10-2-144
85.9|2611342000009|42379
85.89|7798321150148|47-1-1
85.89|7798321150131|47-1-1
85.89|7796679001686|7-2-802
85.89|7792459085983|36916
85.89|7791274198205|12-1-185
85.89|7791274198182|12-1-185
85.89|7790828104426|7-2-802
85.89|7790314000102|12-1-185
85.89|7790150396162|12791
85.89|7790150380161|12791
85.89|7790150240274|12791
85.89|7790064000124|46028
85.89|7790040720800|329466
85.87|7798085990783|35-1-1
85.87|7790314000010|16-1-1302
85.87|7613034497048|9-1-868
85.85|7891000253588|12-1-185
85.85|7891000253526|12-1-185
85.85|7891000105450|12-1-185
85.85|7891000105436|12-1-185
85.85|7891000105412|12-1-185
85.85|7798270240051|625793
85.85|7798270240051|11-2-1061
85.85|7798105581380|11-2-1108
85.85|7794396000296|35-1-1
85.85|7792180134516|12-1-185
85.85|7790503198801|12-1-185
85.85|7790503198795|12-1-185
85.85|7790503198788|12-1-185
85.85|7790310005873|16-1-1302
85.85|7790310005507|16-1-1302
85.85|7790263119580|12-1-185
85.85|7790263119573|12-1-185
85.85|7790119001793|44233
85.85|7790119001793|39819
85.85|7506339363883|12-1-185
85.8|7798270243250|11-5-1004
85.8|7792307001745|621410
85.8|7792307001738|621410
85.8|7792307001721|621410
85.8|7792307001714|621410
85.8|7792070001102|11-5-1002
85.8|7791866001364|623967
85.8|7791293035901|621410
85.8|7790895000447|2-1-103
85.8|7790883006918|47-1-1
85.8|7790787030118|38006
85.8|7790580402907|11-2-1115
85.8|7790150445341|11-5-1020
85.8|7622210659460|11-2-1116
85.79|7798167047930|38735
85.79|7791866001364|11-2-1099
85.79|7791843010129|12791
85.79|7791290780170|13522
85.79|7791290013797|46028
85.79|7791290013780|46028
85.79|7791290008441|7-2-802
85.79|7790742335609|38735
85.79|7790742335500|38735
85.79|7790742141309|15-1-146
85.79|7790310003039|7-2-802
85.79|7790310003022|7-2-802
85.79|7790045825791|36916
85.79|7790045824893|36916
85.79|7790045823452|36916
85.79|7790040929609|7-2-802
85.79|7790035016352|36916
85.79|7790035016338|36916
85.79|7790035016321|36916
85.79|7790035016314|36916
85.79|7790035016307|36916
85.79|7790035006292|36916
85.79|7790035006247|36916
85.79|7790035006087|36916
85.79|7790035006070|36916
85.79|7790035006032|36916
85.79|7790035006025|36916
85.79|7790035006018|36916
85.79|7790035000757|36916
85.79|7790035000740|36916
85.78|7798073173785|16-1-1402
85.76|7794000960091|11-2-1114
85.75|7798120900234|44233
85.75|7798120900234|39819
85.75|7794000960091|9-3-628
85.75|7794000960091|9-2-248
85.75|7794000960091|9-1-150
85.75|7794000597532|12-1-185
85.75|7794000597518|12-1-185
85.75|7791828000213|16-1-1402
85.75|7791828000213|10-1-123
85.75|7790520016348|44233
85.75|7790520016348|39819
85.75|7790520016331|44233
85.75|7790520016331|39819
85.75|7790520016324|44233
85.75|7790520016324|39819
85.75|7790520016317|44233
85.75|7790520016317|39819
85.7|7798144940049|622506
85.7|7798059750108|37626
85.7|7794770100758|621410
85.7|7793253401030|11-5-1004
85.7|7793253401030|11-4-1046
85.7|7793253401030|11-2-1116
85.7|7793100120220|623967
85.7|7793100120220|11-2-1108
85.7|7792900093253|37626
85.7|7791520003093|622506
85.7|7791476019001|621410
85.7|7791274196478|11-5-1058
85.7|7791274196478|11-2-1033
85.7|7790742140609|2-2-241
85.7|7790742140609|2-1-092
85.7|7790520007438|621410
85.7|7790121000203|47-1-1
85.7|7622210745620|11-5-1004
85.7|7622210745583|11-5-1004
85.7|7622210745224|11-5-1004
85.69|7798048720389|36916
85.69|7798048720372|36916
85.69|7794950090329|12791
85.69|7794940000819|38735
85.69|7794000960091|15-1-146
85.69|7793253401030|15-1-146
85.69|7793100120275|47-1-1
85.69|7793100120220|47-1-1
85.69|7791293032009|7-2-802
85.69|7790742144607|7-2-802
85.69|7790150255025|36916
85.69|7500435149044|12791
85.68|7790230033031|11-5-1008
85.68|7790070318190|11-5-1014
85.68|7790070318176|11-5-1014
85.68|7790070318138|11-5-1014
85.68|7790070318121|11-5-1014
85.68|7790070318114|11-5-1014
85.67|7791866001364|38735
85.67|7790310005507|47-1-1
85.66|7790070033147|35-1-1
85.65|7793253400163|11-2-1098
85.65|7791130000079|329466
85.65|7790045825401|16-1-1402
85.65|7790045825395|16-1-1102
85.64|7790520014474|47-1-1
85.63|7791290008953|11-5-1006
85.6|7798270242307|11-5-1020
85.6|7798181480027|11-5-1020
85.6|7798153715225|11-5-1004
85.6|7798153715225|11-2-1013
85.6|7794000960091|2-1-096
85.6|7793100111877|17-1-252
85.6|7792900092898|625793
85.6|7792389079977|11-2-1056
85.6|7792389021501|11-2-1056
85.6|7791866000510|11-5-1020
85.6|7791476070002|11-5-1004
85.6|7790895000225|47-1-1
85.6|7790538000704|622506
85.6|7790463000183|11-5-1002
85.6|7790463000183|11-2-1015
85.6|7790380029021|11-2-1115
85.6|7790380029007|11-2-1115
85.6|7790380015949|11-2-1115
85.6|7790263119337|11-5-1020
85.6|7790263119290|11-5-1020
85.6|7790040991705|37626
85.6|7790040991606|37626
85.6|7790040719804|11-5-1020
85.6|7790040675902|37626
85.6|7790040656802|37626
85.6|7790040173200|11-5-1020
85.6|7790040102750|37626
85.6|7790010595698|11-5-1058
85.6|7790010595698|11-2-1012
85.6|6000000290016|36911
85.59|7798080521678|12-1-208
85.59|7793360125119|12-1-208
85.59|7793187004840|36916
85.59|7792180004901|15-1-146
85.59|7791290013797|44233
85.59|7791290013797|39819
85.59|7791290013780|44233
85.59|7791290013780|39819
85.59|7790950202823|12791
85.59|7790950202816|12791
85.59|7790895067556|15-1-146
85.59|7790895001451|15-1-146
85.59|7790895000454|15-1-146
85.59|7790895000447|15-1-146
85.59|7790127000016|46028
85.59|7790070416179|12791
85.59|7500435017046|47128
85.58|7861002901855|47-1-1
85.58|7861002901831|47-1-1
85.58|7790645000895|47-1-1
85.58|7790060007004|35-1-1
85.55|7798176000599|11-5-1057
85.55|7798099590436|9-2-112
85.55|7798008294660|11-5-1004
85.55|7795930000604|35-1-1
85.55|7794520000796|47-1-1
85.55|7791337409163|12-1-208
85.55|7791324157435|44233
85.55|7791324157435|38723
85.55|7791324157428|44233
85.55|7791324157428|38723
85.55|7791324000052|44233
85.55|7791324000052|38723
85.55|7790580509507|35-1-1
85.55|7790580509309|35-1-1
85.55|7790040102750|16-1-1502
85.55|7622300847234|16-1-1502
85.53|7798138553118|47-1-1
85.5|7798153716246|11-2-1115
85.5|7798130461077|39461
85.5|7798105585654|623967
85.5|7798105585647|623967
85.5|7798105584428|11-5-1057
85.5|7798085680318|11-5-1004
85.5|7798080521678|11-5-1002
85.5|7798062547559|11-5-1057
85.5|7798060852136|11-5-1057
85.5|7798059381722|19737
85.5|7798059381708|19737
85.5|7798052362605|45667
85.5|7796104001175|10-2-144
85.5|7795947005142|10-2-286
85.5|7794950090206|625793
85.5|7794940000604|37626
85.5|7794055001824|11-5-1057
85.5|7794055000230|11-5-1057
85.5|7794000960091|13-1-130
85.5|7793890253641|10-3-485
85.5|7793706000940|10-2-141
85.5|7793360108426|10-1-240
85.5|7792798007424|47-1-1
85.5|7791866001364|11-2-1116
85.5|7791477000015|11-5-1057
85.5|7791359120114|11-5-1057
85.5|7790613071117|623967
85.5|7790580033507|11-5-1006
85.5|7790520019844|11-5-1020
85.5|7790416066839|625793
85.5|7790416066631|625793
85.5|7790416066532|625793
85.5|7790416066433|625793
85.5|7790387712445|10-2-146
85.5|7790387712445|16447
85.5|7790387000856|10-2-286
85.5|7790387000856|47128
85.5|7790150465455|625793
85.5|7790150350133|10-2-141
85.5|7790070412454|11-5-1057
85.5|7790070411365|11-5-1057
85.5|7790070411358|11-5-1057
85.5|7790070320001|10-2-143
85.5|7790070320001|17542
85.5|7790070318671|10-2-146
85.5|7790040872202|621410
85.5|7790010616829|11-2-1116
85.5|7702010630422|11-5-1004
85.5|5900273001566|11-5-1004
85.49|7798062549843|12-1-149
85.49|7798062542455|12-1-149
85.49|7798062542073|12-1-149
85.49|7793551000294|38735
85.49|7792180004567|15-1-146
85.49|7791520019094|38735
85.49|7791520019049|38735
85.49|7791520019032|38735
85.49|7791290786493|16-1-1402
85.49|7791290786486|16-1-1402
85.49|7791290786479|16-1-1402
85.49|7790895006104|11-5-1057
85.49|7790895006104|11-2-1108
85.49|7790895006036|11-5-1057
85.49|7790895006036|11-2-1108
85.49|7790895006029|11-5-1057
85.49|7790895006029|11-2-1108
85.49|7790463000183|15-1-146
85.49|7790410000112|12791
85.49|7790410000082|12791
85.49|7790410000068|12791
85.49|7790360967763|15-1-146
85.49|7790315001061|12-1-149
85.49|7790315000934|12-1-149
85.49|7790315000910|12-1-149
85.49|7790070318138|12791
85.49|7790070318121|12791
85.49|7790070318114|12791
85.49|7790045824893|12791
85.49|7790045823452|12791
85.49|7613034450074|16-1-1502
85.49|6-2-0000000008608|44233
85.49|6-1-0000000008608|39819
85.47|7798153810500|38735
85.47|7798113301338|47-1-1
85.47|7798113301321|47-1-1
85.47|7798113301284|47-1-1
85.47|7798113301277|47-1-1
85.47|7798113301260|47-1-1
85.47|7798113301253|47-1-1
85.47|7798113301246|47-1-1
85.47|7790742141309|38735
85.47|7790314054099|47-1-1
85.46|7794000598805|11-5-1008
85.46|7790742168009|35-1-1
85.46|7790580538002|1213405
85.46|7790580538002|9-2-953
85.46|7790580538002|9-1-868
85.46|7790580538002|12-1-209
85.46|7790580538002|625793
85.46|7790580538002|11-2-1015
85.46|7790580538002|10-3-644
85.46|7790580538002|10-2-286
85.46|7790580538002|47128
85.45|7798138552814|47-1-1
85.45|7794600009251|44233
85.45|7794600009251|39819
85.45|7794600002337|44233
85.45|7794600002337|39819
85.45|7794600000333|44233
85.45|7794600000333|39819
85.45|7793360106002|44233
85.45|7793360106002|39819
85.45|7791708001521|38723
85.45|7791708001484|38723
85.45|7622300724542|44233
85.45|7622300724542|39819
85.45|4005900130785|47-1-1
85.44|7798175713063|47-1-1
85.44|7798153718509|11-5-1020
85.42|7798176000582|623967
85.42|7798136870132|623967
85.42|7790040008175|11-5-1004
85.42|7790040008175|11-2-1114
85.4|7798123136944|625793
85.4|7798090356246|11-5-1004
85.4|7798085680776|11-2-1098
85.4|7794268000256|625793
85.4|7791130684330|625793
85.4|7791130683722|625793
85.4|7791130683715|625793
85.4|7791130683685|625793
85.4|7791130683678|625793
85.4|7791130683661|625793
85.4|7791130683531|625793
85.4|7791130683524|625793
85.4|7791130003087|625793
85.4|7791120037559|11-5-1057
85.4|7790770002948|37626
85.4|7790770002108|37626
85.4|7790580106560|625793
85.4|7790580103521|11-5-1006
85.4|7790580103484|625793
85.4|7790520017314|625793
85.4|7790360967558|10-2-138
85.4|7790064000230|11-5-1002
85.4|7790064000230|11-2-1015
85.39|7790580259600|12791
85.39|7790580118051|13522
85.39|7790040008175|15-1-1803
85.39|3083681003420|11-5-1057
85.38|7798187210352|47-1-1
85.37|7791290787025|35-1-1
85.37|7791290013919|35-1-1
85.37|7791290013902|35-1-1
85.36|7791293032023|11-2-1026
85.36|7791293032016|11-2-1026
85.36|7791293032009|11-2-1026
85.36|7791293031996|11-2-1026
85.36|7791293031989|11-2-1026
85.36|7791290010239|11-5-1002
85.36|7790670045199|11-5-1006
85.36|7790236001263|623967
85.35|7791130684330|16-1-1402
85.35|7791130683722|16-1-1402
85.35|7791130683678|16-1-1402
85.35|7791130003087|16-1-1402
85.35|7790770002948|16-1-1502
85.35|7790580106560|16-1-1402
85.35|7790520017314|16-1-1402
85.34|7798065731030|46-1-3
85.34|7798065731030|45-1-5
85.34|7798065731030|44-1-8
85.34|7798065731009|46-1-3
85.34|7798065731009|45-1-5
85.34|7798065731009|44-1-8
85.34|7798065730996|46-1-3
85.34|7798065730996|45-1-5
85.34|7798065730996|44-1-8
85.34|7798065730989|46-1-3
85.34|7798065730989|45-1-5
85.34|7798065730989|44-1-8
85.32|7790080033199|2-1-014
85.32|7501064198847|47-1-1
85.31|7793100120275|11-5-1020
85.31|7793100111570|16-1-1402
85.31|7790236001232|11-5-1008
85.3|7794055000261|621410
85.3|7793913001112|621410
85.3|7793913001105|621410
85.3|7791828000138|621410
85.3|7791675000503|621410
85.3|7791520024333|35-1-1
85.3|7791520024296|35-1-1
85.3|7791274189128|621410
85.3|7791130015219|37626
85.3|7791130001786|37626
85.3|7790990587003|11-2-1056
85.3|7790773008657|621410
85.3|7790064001909|11-2-1056
85.3|7790040008175|2-1-096
85.29|7794270003238|15-1-146
85.28|7790070416179|11-2-1116
85.25|7791130001786|16-1-1502
85.25|7790628000058|35-1-1
85.25|7790250022442|47-1-1
85.25|7790150445341|12-1-185
85.25|7790064001909|329466
85.24|7791290786424|47-1-1
85.24|7791290786417|47-1-1
85.24|7791290786400|47-1-1
85.24|7791290786394|47-1-1
85.23|7795184006308|35-1-1
85.2|7798181510243|11-5-1020
85.2|7798123137262|11-5-1020
85.2|7794000960473|11-2-1115
85.2|7794000960466|11-2-1115
85.2|7791828000121|11-5-1020
85.2|7791290001374|621410
85.2|7791130001199|11-2-1108
85.2|7790580504809|47-1-1
85.2|7790580504410|47-1-1
85.2|7790150052457|11-5-1004
85.2|7790127000061|38006
85.2|7790072000093|11-5-1057
85.2|6901035601030|10-2-144
85.18|7790499000645|622506
85.18|7790387013306|622506
85.18|7790387013306|11-2-1061
85.18|7790150355244|11-5-1004
85.18|7790150255025|621410
85.18|7790070411853|47-1-1
85.16|7790990012314|47-1-1
85.16|7790990012291|47-1-1
85.16|7790990012284|47-1-1
85.16|7790045825791|47-1-1
85.16|7790045824893|47-1-1
85.16|7790045823452|47-1-1
85.15|7797906000700|38723
85.15|7794940000536|35-1-1
85.15|7792798003709|15-1-1050
85.15|7790895001451|15-1-290
85.15|7790895000331|15-1-1050
85.15|7790895000225|15-1-1050
85.15|7790387712018|47-1-1
85.15|7790150441152|36928
85.15|7790150441152|38723
85.15|7790150015797|44233
85.15|7790150015797|39819
85.15|7790127781489|12-1-185
85.15|7790040117389|329466
85.13|7792798003532|35-1-1
85.11|7798153717953|11-2-1055
85.11|7798153717946|11-2-1055
85.1|7798153715942|11-5-1002
85.1|7798153715942|11-2-1015
85.1|7798124360713|11-5-1020
85.1|7793360112508|11-2-1015
85.1|7791828000046|625793
85.1|7791813421351|2-1-153
85.1|7791293031989|2-2-234
85.1|7791293031989|2-1-182
85.1|7790412001421|11-5-1002
85.1|7790412001421|11-2-1015
85.1|7790158229363|11-5-1020
85.1|7702018652372|11-5-1057
85.1|7506309895338|35-1-1
85.09|7793187000026|36916
85.09|7791078022751|44233
85.09|7791078022751|39819
85.09|7790895000218|15-1-1050
85.09|7790895000218|11-2-1039
85.09|7790315000422|47-1-1
85.09|7790154007781|46028
85.09|7790127789447|46028
85.09|7790079020803|47-1-1
85.09|7546975245150|36916
85.07|7791813421917|11-2-1056
85.07|7791813421603|11-2-1056
85.07|7791813421511|11-2-1056
85.07|7791813421238|11-5-1002
85.07|7790230033031|11-5-1057
85.06|7791675030500|11-5-1004
85.06|7790150321027|623967
85.06|7790070318077|11-2-1115
85.05|7798123136944|11-2-1115
85.05|7793913001785|47-1-1
85.05|7791828000046|16-1-1402
85.04|7798153719810|11-5-1057
85.04|7798153712699|11-5-1057
85.04|7798153712675|11-5-1057
85.04|7798153712668|11-5-1057
85.03|7793360788000|35-1-1
85|9-2-0000000957441|9-2-953
85|7891150047723|10-1-112
85|7891150047716|10-1-112